=============== bc_open_to_buy
issue_d_year
2011    12985
2010     6856
2012     4851
2009     2815
2016     2638
2017     2440
2015     2303
2018     1838
2014     1491
2008      941
2019      794
2013      597
2007      155
2020       54
Name: count, dtype: int64
40758
=============== bc_util
issue_d_year
2011    12985
2010     6856
2012     4867
2009     2815
2016     2754
2017     2526
2015     2448
2018     1901
2014     1585
2008      941
2019      822
2013      638
2007      155
2020       54
Name: count, dtype: int64
41347

=============== mo_sin_old_il_acct
issue_d_year
2012    17349
2011    12985
2015     7043
2010     6856
2016     6812
2017     5363
2018     4319
2014     4301
2013     2932
2009     2815
2019     1285
2008      941
2007      155
2020       58
Name: count, dtype: int64
73214

=============== mths_since_recent_bc
issue_d_year
2011    12985
2010     6856
2012     4812
2009     2815
2016     2475
2017     2316
2015     2197
2018     1722
2014     1372
2008      941
2019      753
2013      527
2007      155
2020       50
Name: count, dtype: int64
39976

=============== mths_since_recent_inq
issue_d_year
2015    25335
2016    24911
2017    20114
2014    13001
2011    12985
2018    11906
2013     8767
2012     7974
2010     6856
2019     4457
2009     2815
2008      941
2020      226
2007      155
Name: count, dtype: int64
140443
=============== num_tl_120dpd_2m
issue_d_year
2012    16652
2011    12985
2016    11637
2015    11092
2017     9474
2010     6856
2014     4696
2018     3326
2009     2815
2019     1018
2008      941
2007      155
2013      145
2020       29
Name: count, dtype: int64
81821
=============== percent_bc_gt_75
issue_d_year
2011    12985
2010     6856
2012     4851
2009     2815
2016     2652
2015     2478
2017     2446
2018     1841
2014     1560
2008      941
2019      798
2013      600
2007      155
2020       54
Name: count, dtype: int64
41032
