=============== emp_length
issue_d_year
2016    16105
2015    13842
2017    13754
2018    10706
2014     7204
2019     4945
2013     3598
2012     1170
2011      433
2020      231
2010      202
Name: count, dtype: int64
72190
=============== dti
issue_d_year
2018    305
2017    193
2019    143
2016     30
2020      7
2015      1
Name: count, dtype: int64
679
=============== revol_util
issue_d_year
2017    185
2018    159
2016    146
2019     94
2015     85
2014     80
2013     51
2012     31
2010     11
2011      9
2009      6
2020      5
2008      4
Name: count, dtype: int64
866
=============== collections_12_mths_ex_med
issue_d_year
2007    38
Name: count, dtype: int64
38
=============== tot_cur_bal
issue_d_year
2012    16652
2011    12985
2010     6856
2009     2815
2008      941
2007      155
Name: count, dtype: int64
40404
=============== open_acc_6m
issue_d_year
2015    230406
2014    140955
2013     81069
2012     32046
2011     12985
2010      6856
2009      2815
2008       941
2007       155
2016        34
Name: count, dtype: int64
508262
=============== open_act_il
issue_d_year
2015    230406
2014    140955
2013     81069
2012     32046
2011     12985
2010      6856
2009      2815
2008       941
2007       155
2016        34
Name: count, dtype: int64
508262
=============== open_il_12m
issue_d_year
2015    230406
2014    140955
2013     81069
2012     32046
2011     12985
2010      6856
2009      2815
2008       941
2007       155
2016        34
Name: count, dtype: int64
508262
=============== open_il_24m
issue_d_year
2015    230406
2014    140955
2013     81069
2012     32046
2011     12985
2010      6856
2009      2815
2008       941
2007       155
2016        34
Name: count, dtype: int64
508262
=============== mths_since_rcnt_il
issue_d_year
2015    230739
2014    140955
2013     81069
2012     32046
2011     12985
2010      6856
2016      6842
2017      5363
2018      4319
2009      2815
2019      1285
2008       941
2007       155
2020        58
Name: count, dtype: int64
526428
=============== total_bal_il
issue_d_year
2015    230406
2014    140955
2013     81069
2012     32046
2011     12985
2010      6856
2009      2815
2008       941
2007       155
2016        34
Name: count, dtype: int64
508262
=============== open_rv_12m
issue_d_year
2015    230406
2014    140955
2013     81069
2012     32046
2011     12985
2010      6856
2009      2815
2008       941
2007       155
2016        34
Name: count, dtype: int64
508262
=============== open_rv_24m
issue_d_year
2015    230406
2014    140955
2013     81069
2012     32046
2011     12985
2010      6856
2009      2815
2008       941
2007       155
2016        34
Name: count, dtype: int64
508262
=============== max_bal_bc
issue_d_year
2015    230406
2014    140955
2013     81069
2012     32046
2011     12985
2010      6856
2009      2815
2008       941
2007       155
2016        34
Name: count, dtype: int64
508262
=============== all_util
issue_d_year
2015    230406
2014    140955
2013     81069
2012     32046
2011     12985
2010      6856
2009      2815
2008       941
2007       155
2016        46
2018        30
2017        25
2019        21
2020         2
Name: count, dtype: int64
508352
=============== total_rev_hi_lim
issue_d_year
2012    16652
2011    12985
2010     6856
2009     2815
2008      941
2007      155
Name: count, dtype: int64
40404
=============== total_cu_tl
issue_d_year
2015    230406
2014    140955
2013     81069
2012     32046
2011     12985
2010      6856
2009      2815
2008       941
2007       155
2016        34
Name: count, dtype: int64
508262
=============== acc_open_past_24mths
issue_d_year
2011    12985
2010     6856
2012     4549
2009     2815
2008      941
2007      155
Name: count, dtype: int64
28301
=============== avg_cur_bal
issue_d_year
2012    16652
2011    12985
2010     6856
2009     2815
2008      941
2007      155
2018       10
2019       10
2017        9
2014        4
2013        2
2020        2
Name: count, dtype: int64
40441
=============== bc_open_to_buy
issue_d_year
2011    12985
2010     6856
2012     4851
2009     2815
2016     2638
2017     2440
2015     2303
2018     1838
2014     1491
2008      941
2019      794
2013      597
2007      155
2020       54
Name: count, dtype: int64
40758
=============== bc_util
issue_d_year
2011    12985
2010     6856
2012     4867
2009     2815
2016     2754
2017     2526
2015     2448
2018     1901
2014     1585
2008      941
2019      822
2013      638
2007      155
2020       54
Name: count, dtype: int64
41347
=============== chargeoff_within_12_mths
issue_d_year
2007    38
Name: count, dtype: int64
38
=============== mo_sin_old_il_acct
issue_d_year
2012    17349
2011    12985
2015     7043
2010     6856
2016     6812
2017     5363
2018     4319
2014     4301
2013     2932
2009     2815
2019     1285
2008      941
2007      155
2020       58
Name: count, dtype: int64
73214
=============== mo_sin_old_rev_tl_op
issue_d_year
2012    16653
2011    12985
2010     6856
2009     2815
2008      941
2007      155
Name: count, dtype: int64
40405
=============== mo_sin_rcnt_rev_tl_op
issue_d_year
2012    16653
2011    12985
2010     6856
2009     2815
2008      941
2007      155
Name: count, dtype: int64
40405
=============== mo_sin_rcnt_tl
issue_d_year
2012    16652
2011    12985
2010     6856
2009     2815
2008      941
2007      155
Name: count, dtype: int64
40404
=============== mort_acc
issue_d_year
2011    12985
2010     6856
2012     4549
2009     2815
2008      941
2007      155
Name: count, dtype: int64
28301
=============== mths_since_recent_bc
issue_d_year
2011    12985
2010     6856
2012     4812
2009     2815
2016     2475
2017     2316
2015     2197
2018     1722
2014     1372
2008      941
2019      753
2013      527
2007      155
2020       50
Name: count, dtype: int64
39976
=============== mths_since_recent_inq
issue_d_year
2015    25335
2016    24911
2017    20114
2014    13001
2011    12985
2018    11906
2013     8767
2012     7974
2010     6856
2019     4457
2009     2815
2008      941
2020      226
2007      155
Name: count, dtype: int64
140443
=============== num_accts_ever_120_pd
issue_d_year
2012    16652
2011    12985
2010     6856
2009     2815
2008      941
2007      155
Name: count, dtype: int64
40404
=============== num_actv_bc_tl
issue_d_year
2012    16652
2011    12985
2010     6856
2009     2815
2008      941
2007      155
Name: count, dtype: int64
40404
=============== num_actv_rev_tl
issue_d_year
2012    16652
2011    12985
2010     6856
2009     2815
2008      941
2007      155
Name: count, dtype: int64
40404
=============== num_bc_sats
issue_d_year
2011    12985
2012     9677
2010     6856
2009     2815
2008      941
2007      155
Name: count, dtype: int64
33429
=============== num_bc_tl
issue_d_year
2012    16652
2011    12985
2010     6856
2009     2815
2008      941
2007      155
Name: count, dtype: int64
40404
=============== num_il_tl
issue_d_year
2012    16652
2011    12985
2010     6856
2009     2815
2008      941
2007      155
Name: count, dtype: int64
40404
=============== num_op_rev_tl
issue_d_year
2012    16652
2011    12985
2010     6856
2009     2815
2008      941
2007      155
Name: count, dtype: int64
40404
=============== num_rev_accts
issue_d_year
2012    16652
2011    12985
2010     6856
2009     2815
2008      941
2007      155
2015        1
Name: count, dtype: int64
40405
=============== num_rev_tl_bal_gt_0
issue_d_year
2012    16652
2011    12985
2010     6856
2009     2815
2008      941
2007      155
Name: count, dtype: int64
40404
=============== num_sats
issue_d_year
2011    12985
2012     9677
2010     6856
2009     2815
2008      941
2007      155
Name: count, dtype: int64
33429
=============== num_tl_120dpd_2m
issue_d_year
2012    16652
2011    12985
2016    11637
2015    11092
2017     9474
2010     6856
2014     4696
2018     3326
2009     2815
2019     1018
2008      941
2007      155
2013      145
2020       29
Name: count, dtype: int64
81821
=============== num_tl_30dpd
issue_d_year
2012    16652
2011    12985
2010     6856
2009     2815
2008      941
2007      155
Name: count, dtype: int64
40404
=============== num_tl_90g_dpd_24m
issue_d_year
2012    16652
2011    12985
2010     6856
2009     2815
2008      941
2007      155
Name: count, dtype: int64
40404
=============== num_tl_op_past_12m
issue_d_year
2012    16652
2011    12985
2010     6856
2009     2815
2008      941
2007      155
Name: count, dtype: int64
40404
=============== pct_tl_nvr_dlq
issue_d_year
2012    16652
2011    12985
2010     6856
2009     2815
2008      941
2007      155
2013      100
Name: count, dtype: int64
40504
=============== percent_bc_gt_75
issue_d_year
2011    12985
2010     6856
2012     4851
2009     2815
2016     2652
2015     2478
2017     2446
2018     1841
2014     1560
2008      941
2019      798
2013      600
2007      155
2020       54
Name: count, dtype: int64
41032
=============== pub_rec_bankruptcies
issue_d_year
2008    283
2007    153
2009      3
Name: count, dtype: int64
439
=============== tot_hi_cred_lim
issue_d_year
2012    16652
2011    12985
2010     6856
2009     2815
2008      941
2007      155
Name: count, dtype: int64
40404
=============== total_bal_ex_mort
issue_d_year
2011    12985
2010     6856
2012     4549
2009     2815
2008      941
2007      155
Name: count, dtype: int64
28301
=============== total_bc_limit
issue_d_year
2011    12985
2010     6856
2012     4549
2009     2815
2008      941
2007      155
Name: count, dtype: int64
28301
=============== total_il_high_credit_limit
issue_d_year
2012    16652
2011    12985
2010     6856
2009     2815
2008      941
2007      155
Name: count, dtype: int64
40404