0.0315
0.0314
0.0313
0.0313
0.0314
0.0315
0.0310
0.0316
0.0316
0.0315
0.0316
0.0311
0.0313
0.0314
0.0315
0.0316
0.0310
0.0311
0.0314
0.0315
0.0308
0.0317
0.0314
0.0316
0.0312
0.0311
0.0316
0.0318
0.0317
0.0314
0.0313
0.0313
0.0315
0.0316
0.0315
0.0314
0.0312
0.0314
0.0311
0.0313
0.0313
0.0308
0.0315
0.0313
0.0310
0.0314
0.0314
0.0311
0.0318
0.0313
0.0314
0.0318
0.0315
0.0315
0.0314
0.0315
0.0317
0.0315
0.0311
0.0313
0.0313
0.0313
0.0316
0.0315
0.0314
0.0314
0.0315
0.0316
0.0317
0.0310
0.0314
0.0313
0.0311
0.0312
0.0313
0.0313
0.0315
0.0315
0.0314
0.0312
0.0318
0.0311
0.0317
0.0312
0.0314
0.0312
0.0312
0.0315
0.0321
0.0311
0.0311
0.0316
0.0314
0.0309
0.0313
0.0318
0.0315
0.0317
0.0316
0.0311
